4 5 3 7
3 4 5 3 
7 8 3 1 
2 1 3 8 
6 2 5 3
4 5 3 7
3 4 5 3 
7 8 3 1 
2 1 3 8 
6 2 5 3
4 5 3 7
3 4 5 3 
7 8 3 1 
2 1 3 8 
6 2 5 3
4 5 3 7
3 4 5 3 
7 8 3 1 
2 1 3 8 
6 2 5 3
4 5 3 7
3 4 5 3 
7 8 3 1 
2 1 3 8 
6 2 5 3
4 5 3 7
3 4 5 3 
7 8 3 1 
2 1 3 8 
6 2 5 3
4 5 3 7
3 4 5 3 
7 8 3 1 
2 1 3 8 
6 2 5 3
4 5 3 7
3 4 5 3 
7 8 3 1 
2 1 3 8 
6 2 5 3
4 5 3 7
3 4 5 3 
7 8 3 1 
2 1 3 8 
6 2 5 3
4 5 3 7
3 4 5 3 
7 8 3 1 
2 1 3 8 
6 2 5 3
4 5 3 7
3 4 5 3 
7 8 3 1 
2 1 3 8 
6 2 5 3
4 5 3 7
3 4 5 3 
7 8 3 1 
2 1 3 8 
6 2 5 3
4 5 3 7
3 4 5 3 
7 8 3 1 
2 1 3 8 
6 2 5 3
4 5 3 7
3 4 5 3 
7 8 3 1 
2 1 3 8 
6 2 5 3
4 5 3 7
3 4 5 3 
7 8 3 1 
2 1 3 8 
6 2 5 3
4 5 3 7
3 4 5 3 
7 8 3 1 
2 1 3 8 
6 2 5 3
4 5 3 7
3 4 5 3 
7 8 3 1 
2 1 3 8 
6 2 5 3
4 5 3 7
3 4 5 3 
7 8 3 1 
2 1 3 8 
6 2 5 3
4 5 3 7
3 4 5 3 
7 8 3 1 
2 1 3 8 
6 2 5 3
4 5 3 7
3 4 5 3 
7 8 3 1 
2 1 3 8 
6 2 5 3